[gd_scene load_steps=13 format=3 uid="uid://evwq5h7umgym"]

[ext_resource type="Environment" uid="uid://gk4hsarawjtn" path="res://Resources/Environment.tres" id="1_uu6xs"]
[ext_resource type="Script" uid="uid://tq417v5if1pj" path="res://Scripts/Main.cs" id="1_v1gob"]
[ext_resource type="Material" uid="uid://c6clo8f01e5vw" path="res://Materials/Ground.tres" id="3_cm0pq"]
[ext_resource type="Material" uid="uid://fp7s8t5ufw7o" path="res://Materials/Blue.tres" id="3_r0du0"]
[ext_resource type="Material" uid="uid://bhl1q1hmr32po" path="res://Materials/Red.tres" id="4_cm0pq"]
[ext_resource type="Material" uid="uid://b8r7s70pr85lf" path="res://Materials/Yellow.tres" id="5_fos0i"]
[ext_resource type="PackedScene" uid="uid://dmxi276gebnf3" path="res://GLB/Car.glb" id="7_jw32o"]
[ext_resource type="PackedScene" uid="uid://3qls3ssbpcdq" path="res://Scenes/Car.tscn" id="8_50glp"]

[sub_resource type="BoxMesh" id="BoxMesh_uu6xs"]

[sub_resource type="SphereMesh" id="SphereMesh_cm0pq"]

[sub_resource type="BoxMesh" id="BoxMesh_r0du0"]

[sub_resource type="PrismMesh" id="PrismMesh_cm0pq"]

[node name="Node3D" type="Node3D"]
script = ExtResource("1_v1gob")

[node name="Sunlight" type="DirectionalLight3D" parent="."]
transform = Transform3D(0.707107, 0.612372, -0.353553, 0, 0.5, 0.866025, 0.707107, -0.612372, 0.353553, 0, 10, 0)
light_energy = 1.2
light_indirect_energy = 0.0
light_volumetric_fog_energy = 0.0
light_specular = 0.0
light_bake_mode = 0
sky_mode = 1

[node name="WorldEnvironment" type="WorldEnvironment" parent="."]
environment = ExtResource("1_uu6xs")

[node name="Ground" type="MeshInstance3D" parent="."]
transform = Transform3D(25, 0, 0, 0, 1, 0, 0, 0, 20, 0, -0.5, 0)
material_override = ExtResource("3_cm0pq")
mesh = SubResource("BoxMesh_uu6xs")
metadata/_edit_lock_ = true

[node name="Sphere" type="MeshInstance3D" parent="."]
transform = Transform3D(1, 0, 0, 0, 1, 0, 0, 0, 1, 3.62773, 0.5, 1.07532)
material_override = ExtResource("3_r0du0")
mesh = SubResource("SphereMesh_cm0pq")

[node name="Cube" type="MeshInstance3D" parent="."]
transform = Transform3D(0.438324, 0, -0.898817, 0, 1, 0, 0.898817, 0, 0.438324, 2.47375, 0.5, -1.20519)
material_override = ExtResource("4_cm0pq")
mesh = SubResource("BoxMesh_r0du0")

[node name="Tent" type="MeshInstance3D" parent="."]
transform = Transform3D(0.972897, 0, -0.231238, 0, 1, 0, 0.231238, 0, 0.972897, 4.97299, 0.5, -0.943841)
material_override = ExtResource("5_fos0i")
mesh = SubResource("PrismMesh_cm0pq")

[node name="Camera3D" type="Camera3D" parent="."]
transform = Transform3D(1, 0, 0, 0, 0.707107, 0.707107, 0, -0.707107, 0.707107, -0.0120907, 6.04561, 5.64911)
projection = 1
size = 12.0
far = 100.0
metadata/_edit_lock_ = true

[node name="CarWithBlenderMaterials" parent="." instance=ExtResource("7_jw32o")]
transform = Transform3D(0.5, 0, -0.866025, 0, 1, 0, 0.866025, 0, 0.5, 0, 0, -3.35365)
visible = false

[node name="CarWithGodotMaterials" parent="." instance=ExtResource("8_50glp")]
transform = Transform3D(0.5, 0, -0.866025, 0, 1, 0, 0.866025, 0, 0.5, -3.01466, 0, 0)
